Unnamed: 0,date_use,total_cases,new_case,avg_cases,total_deaths,new_deaths,avg_deaths
1,2020-07-21,156269,187,1772.0,3951,8,20.0
2,2020-07-20,156082,1250,2145.0,3943,16,24.0
3,2020-07-19,154832,672,2385.0,3927,17,28.0
4,2020-07-18,154160,1990,2418.0,3910,22,29.0
5,2020-07-17,152170,2861,2448.0,3888,22,30.0
6,2020-07-16,149309,2945,2435.0,3866,30,31.0
7,2020-07-15,146364,2502,2452.0,3836,23,31.0
8,2020-07-14,143862,2795,2549.0,3813,38,32.0
9,2020-07-13,141067,2930,2616.0,3775,41,30.0
10,2020-07-12,138137,900,2567.0,3734,26,29.0
11,2020-07-11,137237,2201,2591.0,3708,29,30.0
12,2020-07-10,135036,2772,2396.0,3679,29,29.0
13,2020-07-09,132264,3061,2206.0,3650,28,30.0
14,2020-07-08,129203,3186,2222.0,3622,32,32.0
15,2020-07-07,126017,3260,2231.0,3590,28,31.0
16,2020-07-06,122757,2587,2196.0,3562,33,31.0
17,2020-07-05,120170,1072,2240.0,3529,31,31.0
18,2020-07-04,119098,831,2237.0,3498,24,32.0
19,2020-07-03,118267,1445,2410.0,3474,33,32.0
20,2020-07-02,116822,3174,2619.0,3441,41,31.0
21,2020-07-01,113648,3247,2593.0,3400,26,29.0
22,2020-06-30,110401,3013,2509.0,3374,32,30.0
23,2020-06-29,107388,2895,2440.0,3342,29,28.0
24,2020-06-28,104493,1054,2372.0,3313,37,28.0
25,2020-06-27,103439,2045,2359.0,3276,24,27.0
26,2020-06-26,101394,2907,2303.0,3252,28,29.0
27,2020-06-25,98487,2991,2170.0,3224,25,30.0
28,2020-06-24,95496,2656,2049.0,3199,37,30.0
29,2020-06-23,92840,2531,1979.0,3162,19,30.0
30,2020-06-22,90309,2423,1888.0,3143,27,31.0
31,2020-06-21,87886,958,1834.0,3116,31,32.0
32,2020-06-20,86928,1652,1790.0,3085,37,32.0
33,2020-06-19,85276,1982,1723.0,3048,34,30.0
34,2020-06-18,83294,2141,1646.0,3014,27,30.0
35,2020-06-17,81153,2165,1549.0,2987,38,29.0
36,2020-06-16,78988,1892,1466.0,2949,24,28.0
37,2020-06-15,77096,2050,1411.0,2925,32,30.0
38,2020-06-14,75046,645,1365.0,2893,29,30.0
39,2020-06-13,74401,1183,1352.0,2864,27,31.0
40,2020-06-12,73218,1446,1342.0,2837,31,32.0
41,2020-06-11,71772,1464,1346.0,2806,25,33.0
42,2020-06-10,70308,1579,1381.0,2781,28,36.0
43,2020-06-09,68729,1508,1357.0,2753,35,38.0
44,2020-06-08,67221,1729,1344.0,2718,35,38.0
45,2020-06-07,65492,552,1235.0,2683,35,37.0
46,2020-06-06,64940,1117,1201.0,2648,35,37.0
47,2020-06-05,63823,1471,1152.0,2613,38,37.0
48,2020-06-04,62352,1710,1120.0,2575,45,36.0
49,2020-06-03,60642,1409,1049.0,2530,45,34.0
50,2020-06-02,59233,1417,1019.0,2485,30,34.0
51,2020-06-01,57816,969,1025.0,2455,34,36.0
52,2020-05-31,56847,315,980.0,2421,30,35.0
53,2020-05-30,56532,773,1000.0,2391,37,36.0
54,2020-05-29,55759,1244,990.0,2354,33,36.0
55,2020-05-28,54515,1214,942.0,2321,32,37.0
56,2020-05-27,53301,1199,902.0,2289,45,37.0
57,2020-05-26,52102,1460,891.0,2244,41,34.0
58,2020-05-25,50642,657,820.0,2203,28,35.0
59,2020-05-24,49985,453,881.0,2175,37,37.0
60,2020-05-23,49532,706,889.0,2138,35,37.0
61,2020-05-22,48826,904,895.0,2103,43,40.0
62,2020-05-21,47922,937,939.0,2060,28,39.0
63,2020-05-20,46985,1120,980.0,2032,27,40.0
64,2020-05-19,45865,964,951.0,2005,46,42.0
65,2020-05-18,44901,1081,968.0,1959,43,42.0
66,2020-05-17,43820,512,980.0,1916,37,40.0
67,2020-05-16,43308,748,989.0,1879,53,39.0
68,2020-05-15,42560,1211,981.0,1826,41,38.0
69,2020-05-14,41349,1224,951.0,1785,33,39.0
70,2020-05-13,40125,919,912.0,1752,40,42.0
71,2020-05-12,39206,1082,923.0,1712,48,44.0
72,2020-05-11,38124,1163,947.0,1664,28,42.0
73,2020-05-10,36961,573,911.0,1636,31,44.0
74,2020-05-09,36388,697,895.0,1605,47,46.0
75,2020-05-08,35691,1002,896.0,1558,49,46.0
76,2020-05-07,34689,947,884.0,1509,50,44.0
77,2020-05-06,33742,996,878.0,1459,53,44.0
78,2020-05-05,32746,1254,877.0,1406,36,42.0
79,2020-05-04,31492,908,837.0,1370,42,44.0
80,2020-05-03,30584,458,861.0,1328,44,44.0
81,2020-05-02,30126,708,881.0,1284,49,43.0
82,2020-05-01,29418,916,909.0,1235,36,42.0
83,2020-04-30,28502,905,921.0,1199,45,43.0
84,2020-04-29,27597,988,931.0,1154,42,44.0
85,2020-04-28,26609,974,902.0,1112,53,44.0
86,2020-04-27,25635,1078,888.0,1059,37,42.0
87,2020-04-26,24557,601,868.0,1022,41,44.0
88,2020-04-25,23956,899,850.0,981,38,43.0
89,2020-04-24,23057,1004,808.0,943,44,43.0
90,2020-04-23,22053,973,783.0,899,50,42.0
91,2020-04-22,21080,784,753.0,849,47,44.0
92,2020-04-21,20296,879,762.0,802,40,42.0
93,2020-04-20,19417,938,731.0,762,47,43.0
94,2020-04-19,18479,473,693.0,715,36,42.0
95,2020-04-18,18006,608,686.0,679,38,42.0
96,2020-04-17,17398,828,668.0,641,39,41.0
97,2020-04-16,16570,760,631.0,602,58,40.0
98,2020-04-15,15810,846,605.0,544,35,37.0
99,2020-04-14,14964,667,571.0,509,47,37.0
100,2020-04-13,14297,668,575.0,462,42,34.0
101,2020-04-12,13629,427,554.0,420,37,31.0
102,2020-04-11,13202,479,578.0,383,30,29.0
103,2020-04-10,12723,571,594.0,353,30,27.0
104,2020-04-09,12152,579,625.0,323,35,27.0
105,2020-04-08,11573,603,629.0,288,39,25.0
106,2020-04-07,10970,697,631.0,249,26,22.0
107,2020-04-06,10273,524,623.0,223,17,21.0
108,2020-04-05,9749,591,637.0,206,23,20.0
109,2020-04-04,9158,591,605.0,183,21,19.0
110,2020-04-03,8567,790,576.0,162,26,17.0
111,2020-04-02,7777,607,516.0,136,22,14.0
112,2020-04-01,7170,617,482.0,114,19,12.0
113,2020-03-31,6553,644,456.0,95,16,10.0
114,2020-03-30,5909,617,404.0,79,12,8.0
115,2020-03-29,5292,369,357.0,67,15,8.0
116,2020-03-28,4923,391,340.0,52,8,6.0
117,2020-03-27,4532,367,311.0,44,9,5.0
118,2020-03-26,4165,369,294.0,35,4,4.0
119,2020-03-25,3796,435,273.0,31,7,4.0
120,2020-03-24,3361,281,237.0,24,3,3.0
121,2020-03-23,3080,284,226.0,21,7,3.0
122,2020-03-22,2796,252,217.0,14,4,2.0
123,2020-03-21,2544,192,205.0,10,3,1.0
124,2020-03-20,2352,247,198.0,7,3,1.0
125,2020-03-19,2105,217,184.0,4,4,1.0
126,2020-03-18,1888,183,175.0,0,0,0.0
127,2020-03-17,1705,206,168.0,0,0,0.0
128,2020-03-16,1499,219,152.0,0,0,0.0
129,2020-03-15,1280,168,133.0,0,0,0.0
130,2020-03-14,1112,143,116.0,0,0,0.0
131,2020-03-13,969,149,101.0,0,0,0.0
132,2020-03-12,820,158,86.0,0,0,0.0
133,2020-03-11,662,132,68.0,0,0,0.0
134,2020-03-10,530,95,52.0,0,0,0.0
135,2020-03-09,435,86,40.0,0,0,0.0
136,2020-03-08,349,46,30.0,0,0,0.0
137,2020-03-07,303,41,27.0,0,0,0.0
138,2020-03-06,262,42,,0,0,
139,2020-03-05,220,33,,0,0,
140,2020-03-04,187,18,,0,0,
141,2020-03-03,169,13,,0,0,
142,2020-03-02,156,18,,0,0,
143,2020-03-01,138,25,,0,0,
